16 16
2 2 2 2 2 2 98 9 9 4 6 1 1 8 3 3
2 2 2 2 2 2 2 7 7 4 1 9 9 8 8 8
2 2 2 2 2 2 1 7 1 4 4 8 8 9 9 4
2 2 2 2 2 99 1 1 5 4 4 3 8 8 4 4
2 2 2 2 2 2 2 1 8 8 3 3 3 7 1 4
2 2 2 2 2 1 1 1 7 7 3 8 8 8 1 7
2 2 2 7 7 1 1 7 7 8 8 8 1 1 1 7
2 2 2 2 1 1 1 1 1 6 1 4 4 4 7 1
2 2 2 2 2 4 7 98 1 1 4 5 1 4 7 4
2 2 2 2 2 2 4 1 1 1 1 1 1 1 5 4
2 2 2 2 2 2 4 1 7 9 7 4 1 9 9 1
2 2 2 2 2 1 1 9 1 7 1 4 4 1 1 1
1 2 9 1 9 9 9 9 1 8 8 8 4 4 4 4
4 2 9 4 1 1 4 7 1 8 3 8 98 5 4 1
2 2 2 97 7 7 5 4 1 8 8 8 9 7 7 7
2 2 2 2 1 7 7 7 1 1 9 6 1 1 7 7
